0.0,0,0,0.0,0.0,0.0,1.0
0.03332716083675362,0,0,0.0,0.0,0.0,1.0
0.066617294923393,0,0,0.0,0.0,0.0,1.0
0.09983341664682815,0,0,0.0,0.0,0.0,1.0
0.13293862262231407,0,0,0.0,0.0,0.0,1.0
0.16589613269341502,0,0,0.0,0.0,0.0,1.0
0.19866933079506122,0,0,0.0,0.0,0.0,1.0
0.23122180563429856,0,0,0.0,0.0,0.0,1.0
0.26351739114353506,0,0,0.0,0.0,0.0,1.0
0.29552020666133955,0,0,0.0,0.0,0.0,1.0
0.3271946967961522,0,0,0.0,0.0,0.0,1.0
0.3585056709286172,0,0,0.0,0.0,0.0,1.0
0.3894183423086505,0,0,0.0,0.0,0.0,1.0
0.4198983667038058,0,0,0.0,0.0,0.0,1.0
0.4499118805559996,0,0,0.0,0.0,0.0,1.0
0.479425538604203,0,0,0.0,0.0,0.0,1.0
0.5084065509313012,0,0,0.0,0.0,0.0,1.0
0.5368227193939613,0,0,0.0,0.0,0.0,1.0
0.5646424733950354,0,0,0.0,0.0,0.0,1.0
0.5918349049587529,0,0,0.0,0.0,0.0,1.0
0.618369803069737,0,0,0.0,0.0,0.0,1.0
0.644217687237691,0,0,0.0,0.0,0.0,1.0
0.6693498402504661,0,0,0.0,0.0,0.0,1.0
0.6937383400791204,0,0,0.0,0.0,0.0,1.0
0.7173560908995228,0,0,0.0,0.0,0.0,1.0
0.7401768531960371,0,0,0.0,0.0,0.0,1.0
0.7621752729138397,0,0,0.0,0.0,0.0,1.0
0.7833269096274834,0,0,0.0,0.0,0.0,1.0
0.8036082636944112,0,0,0.0,0.0,0.0,1.0
0.8229968023632527,0,0,0.0,0.0,0.0,1.0
0.8414709848078965,0,0,0.0,0.0,0.0,1.0
0.8590102860595255,0,0,0.0,0.0,0.0,1.0
0.8755952198100255,0,0,0.0,0.0,0.0,1.0
0.8912073600614354,0,0,0.0,0.0,0.0,1.0
0.9058293615973811,0,0,0.0,0.0,0.0,1.0
0.9194449792537551,0,0,0.0,0.0,0.0,1.0
0.9320390859672263,0,0,0.0,0.0,0.0,1.0
0.9435976895815331,0,0,0.0,0.0,0.0,1.0
0.9541079483928832,0,0,0.0,0.0,0.0,1.0
0.963558185417193,0,0,0.0,0.0,0.0,1.0
0.9719379013633127,0,0,0.0,0.0,0.0,1.0
0.9792377862978257,0,0,0.0,0.0,0.0,1.0
0.9854497299884601,0,0,0.0,0.0,0.0,1.0
0.9905668309146253,0,0,0.0,0.0,0.0,1.0
0.9945834039350564,0,0,0.0,0.0,0.0,1.0
0.9974949866040544,0,0,0.0,0.0,0.0,1.0
0.9992983441292993,0,0,0.0,0.0,0.0,1.0
0.9999914729657311,0,0,0.0,0.0,0.0,1.0
0.9995736030415051,0,0,0.0,0.0,0.0,1.0
0.9980451986135482,0,0,0.0,0.0,0.0,1.0
0.9954079577517649,0,0,0.0,0.0,0.0,1.0
0.9916648104524686,0,0,0.0,0.0,0.0,1.0
0.9868199153831307,0,0,0.0,0.0,0.0,1.0
0.9808786552620674,0,0,0.0,0.0,0.0,1.0
0.9738476308781951,0,0,0.0,0.0,0.0,1.0
0.9657346537574998,0,0,0.0,0.0,0.0,1.0
0.9565487374843666,0,0,0.0,0.0,0.0,1.0
0.9463000876874145,0,0,0.0,0.0,0.0,1.0
0.9350000907009578,0,0,0.0,0.0,0.0,1.0
0.9226613009146958,0,0,0.0,0.0,0.0,1.0
0.9092974268256817,0,0,0.0,0.0,0.0,1.0
0.8949233158080702,0,0,0.0,0.0,0.0,1.0
0.8795549376175618,0,0,0.0,0.0,0.0,1.0
0.8632093666488737,0,0,0.0,0.0,0.0,1.0
0.8459047629659459,0,0,0.0,0.0,0.0,1.0
0.8276603521259606,0,0,0.0,0.0,0.0,1.0
0.8084964038195901,0,0,0.0,0.0,0.0,1.0
0.7884342093512042,0,0,0.0,0.0,0.0,1.0
0.7674960579840546,0,0,0.0,0.0,0.0,1.0
0.7457052121767203,0,0,0.0,0.0,0.0,1.0
0.7230858817383246,0,0,0.0,0.0,0.0,1.0
0.6996631969312385,0,0,0.0,0.0,0.0,1.0
0.675463180551151,0,0,0.0,0.0,0.0,1.0
0.6505127190155298,0,0,0.0,0.0,0.0,1.0
0.6248395324925891,0,0,0.0,0.0,0.0,1.0
0.5984721441039565,0,0,0.0,0.0,0.0,1.0
0.5714398482352474,0,0,0.0,0.0,0.0,1.0
0.5437726779897625,0,0,0.0,0.0,0.0,1.0
0.5155013718214642,0,0,0.0,0.0,0.0,1.0
0.4866573393842983,0,0,0.0,0.0,0.0,1.0
0.457272626635812,0,0,0.0,0.0,0.0,1.0
0.4273798802338298,0,0,0.0,0.0,0.0,1.0
0.3970123112657499,0,0,0.0,0.0,0.0,1.0
0.3662036583507499,0,0,0.0,0.0,0.0,1.0
0.3349881501559051,0,0,0.0,0.0,0.0,1.0
0.3034004673678561,0,0,0.0,0.0,0.0,1.0
0.27147570416228256,0,0,0.0,0.0,0.0,1.0
0.23924932921398243,0,0,0.0,0.0,0.0,1.0
0.20675714629088363,0,0,0.0,0.0,0.0,1.0
0.1740352544757625,0,0,0.0,0.0,0.0,1.0
0.1411200080598672,0,0,0.0,0.0,0.0,1.0
0.10804797615299815,0,0,0.0,0.0,0.0,1.0
0.0748559020549272,0,0,0.0,0.0,0.0,1.0
0.04158066243329049,0,0,0.0,0.0,0.0,1.0
0.008259226353304281,0,0,0.0,0.0,0.0,1.0
-0.02507138579516909,0,0,0.0,0.0,0.0,1.0
-0.058374143427580086,0,0,0.0,0.0,0.0,1.0
-0.09161204690597455,0,0,0.0,0.0,0.0,1.0
-0.12474816864589879,0,0,0.0,0.0,0.0,1.0
-0.1577456941432482,0,0,0.0,0.0,0.0,1.0
-0.19056796287548539,0,0,0.0,0.0,0.0,1.0
-0.22317850903178074,0,0,0.0,0.0,0.0,1.0
-0.2555411020268312,0,0,0.0,0.0,0.0,1.0
-0.28761978675333727,0,0,0.0,0.0,0.0,1.0
-0.31937892352842384,0,0,0.0,0.0,0.0,1.0
-0.35078322768961984,0,0,0.0,0.0,0.0,1.0
-0.38179780879641134,0,0,0.0,0.0,0.0,1.0
-0.4123882093938068,0,0,0.0,0.0,0.0,1.0
-0.44252044329485246,0,0,0.0,0.0,0.0,1.0
-0.47216103333956777,0,0,0.0,0.0,0.0,1.0
-0.5012770485883448,0,0,0.0,0.0,0.0,1.0
-0.5298361409084934,0,0,0.0,0.0,0.0,1.0
-0.5578065809132822,0,0,0.0,0.0,0.0,1.0
-0.5851572932135501,0,0,0.0,0.0,0.0,1.0
-0.6118578909427189,0,0,0.0,0.0,0.0,1.0
-0.6378787095168519,0,0,0.0,0.0,0.0,1.0
-0.6631908395922502,0,0,0.0,0.0,0.0,1.0
-0.6877661591839738,0,0,0.0,0.0,0.0,1.0
-0.7115773649095964,0,0,0.0,0.0,0.0,1.0
-0.7345980023234898,0,0,0.0,0.0,0.0,1.0
-0.7568024953079282,0,0,0.0,0.0,0.0,1.0
-0.7781661744883689,0,0,0.0,0.0,0.0,1.0
-0.7986653046413279,0,0,0.0,0.0,0.0,1.0
-0.8182771110644103,0,0,0.0,0.0,0.0,1.0
-0.8369798048791917,0,0,0.0,0.0,0.0,1.0
-0.85475260723884,0,0,0.0,0.0,0.0,1.0
-0.8715757724135882,0,0,0.0,0.0,0.0,1.0
-0.8874306097284007,0,0,0.0,0.0,0.0,1.0
-0.902299504328468,0,0,0.0,0.0,0.0,1.0
-0.9161659367494549,0,0,0.0,0.0,0.0,1.0
-0.9290145012707619,0,0,0.0,0.0,0.0,1.0
-0.9408309230314075,0,0,0.0,0.0,0.0,1.0
-0.9516020738895161,0,0,0.0,0.0,0.0,1.0
-0.9613159870077914,0,0,0.0,0.0,0.0,1.0
-0.9699618701487724,0,0,0.0,0.0,0.0,1.0
-0.977530117665097,0,0,0.0,0.0,0.0,1.0
-0.9840123211714557,0,0,0.0,0.0,0.0,1.0
-0.9894012788863766,0,0,0.0,0.0,0.0,1.0
-0.9936910036334644,0,0,0.0,0.0,0.0,1.0
-0.9968767294932025,0,0,0.0,0.0,0.0,1.0
-0.9989549170979283,0,0,0.0,0.0,0.0,1.0
-0.9999232575641008,0,0,0.0,0.0,0.0,1.0
-0.9997806750574887,0,0,0.0,0.0,0.0,1.0
-0.9985273279884306,0,0,0.0,0.0,0.0,1.0
-0.9961646088358407,0,0,0.0,0.0,0.0,1.0
-0.9926951426001528,0,0,0.0,0.0,0.0,1.0
-0.9881227838869233,0,0,0.0,0.0,0.0,1.0
-0.9824526126243325,0,0,0.0,0.0,0.0,1.0
-0.9756909284193429,0,0,0.0,0.0,0.0,1.0
-0.9678452435587838,0,0,0.0,0.0,0.0,1.0
-0.9589242746631385,0,0,0.0,0.0,0.0,1.0
-0.9489379330023078,0,0,0.0,0.0,0.0,1.0
-0.9378973134841071,0,0,0.0,0.0,0.0,1.0
-0.9258146823277325,0,0,0.0,0.0,0.0,1.0
-0.9127034634358897,0,0,0.0,0.0,0.0,1.0
-0.8985782234807297,0,0,0.0,0.0,0.0,1.0
-0.8834546557201531,0,0,0.0,0.0,0.0,1.0
-0.8673495625624736,0,0,0.0,0.0,0.0,1.0
-0.8502808368988027,0,0,0.0,0.0,0.0,1.0
-0.8322674422239013,0,0,0.0,0.0,0.0,1.0
-0.81332939156758,0,0,0.0,0.0,0.0,1.0
-0.7934877252600592,0,0,0.0,0.0,0.0,1.0
-0.7727644875559871,0,0,0.0,0.0,0.0,1.0
-0.7511827021430949,0,0,0.0,0.0,0.0,1.0
-0.7287663465626859,0,0,0.0,0.0,0.0,1.0
-0.7055403255703919,0,0,0.0,0.0,0.0,1.0
-0.6815304434667846,0,0,0.0,0.0,0.0,1.0
-0.6567633754285849,0,0,0.0,0.0,0.0,1.0
-0.6312666378723216,0,0,0.0,0.0,0.0,1.0
-0.6050685578833659,0,0,0.0,0.0,0.0,1.0
-0.5781982417443089,0,0,0.0,0.0,0.0,1.0
-0.5506855425976376,0,0,0.0,0.0,0.0,1.0
-0.5225610272786507,0,0,0.0,0.0,0.0,1.0
-0.4938559423554524,0,0,0.0,0.0,0.0,1.0
-0.46460217941375737,0,0,0.0,0.0,0.0,1.0
-0.43483223962507717,0,0,0.0,0.0,0.0,1.0
-0.4045791976376505,0,0,0.0,0.0,0.0,1.0
-0.373876664830236,0,0,0.0,0.0,0.0,1.0
-0.3427587519695972,0,0,0.0,0.0,0.0,1.0
-0.3112600313131545,0,0,0.0,0.0,0.0,1.0
-0.27941549819892586,0,0,0.0,0.0,0.0,1.0
-0.24726053216541757,0,0,0.0,0.0,0.0,1.0
-0.21483085764466522,0,0,0.0,0.0,0.0,1.0
-0.18216250427209588,0,0,0.0,0.0,0.0,1.0
-0.1492917668573054,0,0,0.0,0.0,0.0,1.0
-0.11625516506022966,0,0,0.0,0.0,0.0,1.0
-0.0830894028174964,0,0,0.0,0.0,0.0,1.0
-0.0498313275640529,0,0,0.0,0.0,0.0,1.0
-0.016517889295361493,0,0,0.0,0.0,0.0,1.0
0.016813900484349713,0,0,0.0,0.0,0.0,1.0
0.050127009882172724,0,0,0.0,0.0,0.0,1.0
0.08338442775925767,0,0,0.0,0.0,0.0,1.0
0.11654920485049364,0,0,0.0,0.0,0.0,1.0
0.14958449481544303,0,0,0.0,0.0,0.0,1.0
0.1824535951749344,0,0,0.0,0.0,0.0,1.0
0.21511998808781552,0,0,0.0,0.0,0.0,1.0
0.24754738092257653,0,0,0.0,0.0,0.0,1.0
0.27969974657876234,0,0,0.0,0.0,0.0,1.0
0.31154136351337786,0,0,0.0,0.0,0.0,1.0
0.3430368554278173,0,0,0.0,0.0,0.0,1.0
0.37415123057121996,0,0,0.0,0.0,0.0,1.0
0.4048499206165983,0,0,0.0,0.0,0.0,1.0
0.435098819066531,0,0,0.0,0.0,0.0,1.0
0.46486431914576254,0,0,0.0,0.0,0.0,1.0
0.49411335113860816,0,0,0.0,0.0,0.0,1.0
0.5228134191296795,0,0,0.0,0.0,0.0,1.0
0.5509326371071146,0,0,0.0,0.0,0.0,1.0
0.5784397643882002,0,0,0.0,0.0,0.0,1.0
0.6053042403280245,0,0,0.0,0.0,0.0,1.0
0.6314962182726103,0,0,0.0,0.0,0.0,1.0
0.6569865987187891,0,0,0.0,0.0,0.0,1.0
0.6817470616439909,0,0,0.0,0.0,0.0,1.0
0.7057500979700218,0,0,0.0,0.0,0.0,1.0
0.7289690401258759,0,0,0.0,0.0,0.0,1.0
0.7513780916756281,0,0,0.0,0.0,0.0,1.0
0.7729523559784831,0,0,0.0,0.0,0.0,1.0
0.7936678638491531,0,0,0.0,0.0,0.0,1.0
0.8135016001878168,0,0,0.0,0.0,0.0,1.0
0.8324315295500858,0,0,0.0,0.0,0.0,1.0
0.8504366206285644,0,0,0.0,0.0,0.0,1.0
0.8674968696188059,0,0,0.0,0.0,0.0,1.0
0.8835933224437036,0,0,0.0,0.0,0.0,1.0
0.8987080958116269,0,0,0.0,0.0,0.0,1.0
0.9128243970849043,0,0,0.0,0.0,0.0,1.0
0.9259265429365842,0,0,0.0,0.0,0.0,1.0
0.9379999767747389,0,0,0.0,0.0,0.0,1.0
0.9490312849149584,0,0,0.0,0.0,0.0,1.0
0.959008211483064,0,0,0.0,0.0,0.0,1.0
0.9679196720314863,0,0,0.0,0.0,0.0,1.0
0.9757557658541767,0,0,0.0,0.0,0.0,1.0
0.9825077869863732,0,0,0.0,0.0,0.0,1.0
0.9881682338770004,0,0,0.0,0.0,0.0,1.0
0.9927308177229531,0,0,0.0,0.0,0.0,1.0
0.996190469456009,0,0,0.0,0.0,0.0,1.0
0.998543345374605,0,0,0.0,0.0,0.0,1.0
0.9997868314142212,0,0,0.0,0.0,0.0,1.0
0.9999195460516286,0,0,0.0,0.0,0.0,1.0
0.998941341839772,0,0,0.0,0.0,0.0,1.0
0.9968533055715858,0,0,0.0,0.0,0.0,1.0
0.9936577570725572,0,0,0.0,0.0,0.0,1.0
0.9893582466233818,0,0,0.0,0.0,0.0,1.0
0.9839595510155718,0,0,0.0,0.0,0.0,1.0
0.9774676682444017,0,0,0.0,0.0,0.0,1.0
0.9698898108450863,0,0,0.0,0.0,0.0,1.0
0.9612343978795943,0,0,0.0,0.0,0.0,1.0
0.9515110455830011,0,0,0.0,0.0,0.0,1.0
0.9407305566797731,0,0,0.0,0.0,0.0,1.0
0.9289049083818511,0,0,0.0,0.0,0.0,1.0
0.9160472390818688,0,0,0.0,0.0,0.0,1.0
0.9021718337562933,0,0,0.0,0.0,0.0,1.0
0.8872941080946944,0,0,0.0,0.0,0.0,1.0
0.8714305913727894,0,0,0.0,0.0,0.0,1.0
0.8545989080882805,0,0,0.0,0.0,0.0,1.0
0.8368177583798934,0,0,0.0,0.0,0.0,1.0
0.8181068972513686,0,0,0.0,0.0,0.0,1.0
0.7984871126234903,0,0,0.0,0.0,0.0,1.0
0.7779802022385344,0,0,0.0,0.0,0.0,1.0
0.7566089494427979,0,0,0.0,0.0,0.0,1.0
0.7343970978741133,0,0,0.0,0.0,0.0,1.0
0.7113693250824719,0,0,0.0,0.0,0.0,1.0
0.6875512151130616,0,0,0.0,0.0,0.0,1.0
0.6629692300821833,0,0,0.0,0.0,0.0,1.0
0.6376506807776207,0,0,0.0,0.0,0.0,1.0
0.6116236963161292,0,0,0.0,0.0,0.0,1.0
0.5849171928917617,0,0,0.0,0.0,0.0,1.0
0.5575608416497293,0,0,0.0,0.0,0.0,1.0
0.5295850357215215,0,0,0.0,0.0,0.0,1.0
0.5010208564578846,0,0,0.0,0.0,0.0,1.0
0.4719000388971856,0,0,0.0,0.0,0.0,1.0
0.44225493650752273,0,0,0.0,0.0,0.0,1.0
0.4121184852417566,0,0,0.0,0.0,0.0,1.0
0.3815241669453948,0,0,0.0,0.0,0.0,1.0
0.3505059721579864,0,0,0.0,0.0,0.0,1.0
0.3190983623493521,0,0,0.0,0.0,0.0,1.0
0.28733623163260785,0,0,0.0,0.0,0.0,1.0
0.2552548679965177,0,0,0.0,0.0,0.0,1.0
0.22288991410024764,0,0,0.0,0.0,0.0,1.0
0.1902773276740781,0,0,0.0,0.0,0.0,1.0
0.1574533415700673,0,0,0.0,0.0,0.0,1.0
0.1244544235070617,0,0,0.0,0.0,0.0,1.0
0.0913172355547493,0,0,0.0,0.0,0.0,1.0
0.05807859340180544,0,0,0.0,0.0,0.0,1.0
0.024775425453357765,0,0,0.0,0.0,0.0,1.0
-0.008555268196775961,0,0,0.0,0.0,0.0,1.0
-0.04187645687349674,0,0,0.0,0.0,0.0,1.0
-0.0751511204618093,0,0,0.0,0.0,0.0,1.0
-0.10834229053647472,0,0,0.0,0.0,0.0,1.0
-0.1414130914342352,0,0,0.0,0.0,0.0,1.0
-0.17432678122297965,0,0,0.0,0.0,0.0,1.0
-0.2070467925223328,0,0,0.0,0.0,0.0,1.0
-0.2395367731303159,0,0,0.0,0.0,0.0,1.0
-0.27176062641094245,0,0,0.0,0.0,0.0,1.0
-0.303682551397878,0,0,0.0,0.0,0.0,1.0
-0.33526708256961013,0,0,0.0,0.0,0.0,1.0
-0.3664791292519284,0,0,0.0,0.0,0.0,1.0
-0.3972840146039623,0,0,0.0,0.0,0.0,1.0
-0.4276475141444301,0,0,0.0,0.0,0.0,1.0
-0.45753589377532133,0,0,0.0,0.0,0.0,1.0
-0.4869159472607574,0,0,0.0,0.0,0.0,1.0
-0.5157550331193927,0,0,0.0,0.0,0.0,1.0
-0.5440211108893698,0,0,0.0,0.0,0.0,1.0
-0.5716827767255359,0,0,0.0,0.0,0.0,1.0
-0.5987092982893737,0,0,0.0,0.0,0.0,1.0
-0.6250706488928821,0,0,0.0,0.0,0.0,1.0
-0.6507375408584745,0,0,0.0,0.0,0.0,1.0
-0.675681458057829,0,0,0.0,0.0,0.0,1.0
-0.6998746875935423,0,0,0.0,0.0,0.0,1.0
-0.7232903505883871,0,0,0.0,0.0,0.0,1.0
-0.7459024320479665,0,0,0.0,0.0,0.0,1.0
-0.7676858097635825,0,0,0.0,0.0,0.0,1.0
-0.7886162822232242,0,0,0.0,0.0,0.0,1.0
-0.8086705954996422,0,0,0.0,0.0,0.0,1.0
-0.8278264690856537,0,0,0.0,0.0,0.0,1.0
-0.8460626206479701,0,0,0.0,0.0,0.0,1.0
-0.8633587896720446,0,0,0.0,0.0,0.0,1.0
-0.87969575997167,0,0,0.0,0.0,0.0,1.0
-0.8950553810383208,0,0,0.0,0.0,0.0,1.0
-0.9094205882065166,0,0,0.0,0.0,0.0,1.0
-0.9227754216128067,0,0,0.0,0.0,0.0,1.0
-0.9351050439273093,0,0,0.0,0.0,0.0,1.0
-0.946395756838108,0,0,0.0,0.0,0.0,1.0
-0.9566350162701879,0,0,0.0,0.0,0.0,1.0
-0.9658114463220073,0,0,0.0,0.0,0.0,1.0
-0.973914851904218,0,0,0.0,0.0,0.0,1.0
-0.9809362300664916,0,0,0.0,0.0,0.0,1.0
-0.9868677799998744,0,0,0.0,0.0,0.0,1.0
-0.9917029117035485,0,0,0.0,0.0,0.0,1.0
-0.9954362533063774,0,0,0.0,0.0,0.0,1.0
-0.998063657035099,0,0,0.0,0.0,0.0,1.0
-0.999582203822536,0,0,0.0,0.0,0.0,1.0
-0.9999902065507035,0,0,0.0,0.0,0.0,1.0
-0.9992872119252107,0,0,0.0,0.0,0.0,1.0
-0.9974740009788753,0,0,0.0,0.0,0.0,1.0
-0.9945525882039892,0,0,0.0,0.0,0.0,1.0
-0.9905262193142008,0,0,0.0,0.0,0.0,1.0
-0.9853993676385011,0,0,0.0,0.0,0.0,1.0
-0.9791777291513174,0,0,0.0,0.0,0.0,1.0
-0.9718682161442396,0,0,0.0,0.0,0.0,1.0
-0.9634789495464067,0,0,0.0,0.0,0.0,1.0
-0.954019249902089,0,0,0.0,0.0,0.0,1.0
-0.9434996270154847,0,0,0.0,0.0,0.0,1.0
-0.9319317682742422,0,0,0.0,0.0,0.0,1.0
-0.9193285256646757,0,0,0.0,0.0,0.0,1.0
-0.9057039014931029,0,0,0.0,0.0,0.0,1.0
-0.8910730328291672,0,0,0.0,0.0,0.0,1.0
-0.8754521746884285,0,0,0.0,0.0,0.0,1.0
-0.8588586819729076,0,0,0.0,0.0,0.0,1.0
-0.8413109901896465,0,0,0.0,0.0,0.0,1.0
-0.8228285949687089,0,0,0.0,0.0,0.0,1.0
-0.8034320304033739,0,0,0.0,0.0,0.0,1.0
-0.78314284623659,0,0,0.0,0.0,0.0,1.0
-0.7619835839190333,0,0,0.0,0.0,0.0,1.0
-0.7399777515653693,0,0,0.0,0.0,0.0,1.0
-0.7171497978365434,0,0,0.0,0.0,0.0,1.0
-0.6935250847771224,0,0,0.0,0.0,0.0,1.0
-0.669129859637846,0,0,0.0,0.0,0.0,1.0
-0.6439912257147207,0,0,0.0,0.0,0.0,1.0
-0.6181371122370333,0,0,0.0,0.0,0.0,1.0
-0.591596243337747,0,0,0.0,0.0,0.0,1.0
-0.5643981061407534,0,0,0.0,0.0,0.0,1.0
-0.5365729180004349,0,0,0.0,0.0,0.0,1.0
-0.5081515929299355,0,0,0.0,0.0,0.0,1.0
-0.4791657072554371,0,0,0.0,0.0,0.0,1.0
-0.44964746453460147,0,0,0.0,0.0,0.0,1.0
-0.41962965977815236,0,0,0.0,0.0,0.0,1.0
-0.3891456430143488,0,0,0.0,0.0,0.0,1.0
-0.3582292822368287,0,0,0.0,0.0,0.0,1.0
-0.3269149257769894,0,0,0.0,0.0,0.0,1.0
-0.2952373641427067,0,0,0.0,0.0,0.0,1.0
-0.26323179136580094,0,0,0.0,0.0,0.0,1.0
-0.23093376590116807,0,0,0.0,0.0,0.0,1.0
-0.1983791711210496,0,0,0.0,0.0,0.0,1.0
-0.1656041754483094,0,0,0.0,0.0,0.0,1.0
-0.1326451921730178,0,0,0.0,0.0,0.0,1.0
-0.09953883899698655,0,0,0.0,0.0,0.0,1.0
-0.06632189735120068,0,0,0.0,0.0,0.0,1.0
-0.0330312715313457,0,0,0.0,0.0,0.0,1.0
0.00029605230316879475,0,0,0.0,0.0,0.0,1.0
0.033623047221136695,0,0,0.0,0.0,0.0,1.0
0.06691268665678089,0,0,0.0,0.0,0.0,1.0
0.10012798554657276,0,0,0.0,0.0,0.0,1.0
0.13323204141994222,0,0,0.0,0.0,0.0,1.0
0.16618807539822644,0,0,0.0,0.0,0.0,1.0
0.19895947305630868,0,0,0.0,0.0,0.0,1.0
0.23150982510153895,0,0,0.0,0.0,0.0,1.0
0.26380296782476864,0,0,0.0,0.0,0.0,1.0
0.29580302327852204,0,0,0.0,0.0,0.0,1.0
0.32747443913769303,0,0,0.0,0.0,0.0,1.0
0.35878202819847144,0,0,0.0,0.0,0.0,1.0
0.3896910074716158,0,0,0.0,0.0,0.0,1.0
0.4201670368266409,0,0,0.0,0.0,0.0,1.0
0.4501762571439858,0,0,0.0,0.0,0.0,1.0
0.47968532793277396,0,0,0.0,0.0,0.0,1.0
0.5086614643723737,0,0,0.0,0.0,0.0,1.0
0.5370724737366035,0,0,0.0,0.0,0.0,1.0
0.5648867911601159,0,0,0.0,0.0,0.0,1.0
0.592073514707223,0,0,0.0,0.0,0.0,1.0
0.6186024397042014,0,0,0.0,0.0,0.0,1.0
0.6444440922969346,0,0,0.0,0.0,0.0,1.0
0.6695697621966024,0,0,0.0,0.0,0.0,1.0
0.6939515345770562,0,0,0.0,0.0,0.0,1.0
0.7175623210884154,0,0,0.0,0.0,0.0,1.0
0.7403758899524486,0,0,0.0,0.0,0.0,1.0
0.7623668951062949,0,0,0.0,0.0,0.0,1.0
0.7835109043621484,0,0,0.0,0.0,0.0,1.0
0.803784426551621,0,0,0.0,0.0,0.0,1.0
0.8231649376246222,0,0,0.0,0.0,0.0,1.0
0.8416309056737659,0,0,0.0,0.0,0.0,1.0
0.8591618148564958,0,0,0.0,0.0,0.0,1.0
0.8757381881883559,0,0,0.0,0.0,0.0,1.0
0.8913416091820802,0,0,0.0,0.0,0.0,1.0
0.9059547423084618,0,0,0.0,0.0,0.0,1.0
0.9195613522562692,0,0,0.0,0.0,0.0,1.0
0.9321463219698106,0,0,0.0,0.0,0.0,1.0
0.9436956694441048,0,0,0.0,0.0,0.0,1.0
0.9541965632590084,0,0,0.0,0.0,0.0,1.0
0.9636373368350256,0,0,0.0,0.0,0.0,1.0
0.9720075013949759,0,0,0.0,0.0,0.0,1.0
0.9792977576171111,0,0,0.0,0.0,0.0,1.0
0.9855000059667384,0,0,0.0,0.0,0.0,1.0
0.9906073556948704,0,0,0.0,0.0,0.0,1.0
0.9946141324939038,0,0,0.0,0.0,0.0,1.0
0.9975158848018222,0,0,0.0,0.0,0.0,1.0
0.9993093887479176,0,0,0.0,0.0,0.0,1.0
0.9999926517345379,0,0,0.0,0.0,0.0,1.0
0.9995649146508786,0,0,0.0,0.0,0.0,1.0
0.9980266527163617,0,0,0.0,0.0,0.0,1.0
0.9953795749526632,0,0,0.0,0.0,0.0,1.0
0.9916266222849747,0,0,0.0,0.0,0.0,1.0
0.9867719642746133,0,0,0.0,0.0,0.0,1.0
0.9808209944866031,0,0,0.0,0.0,0.0,1.0
0.9737803244973803,0,0,0.0,0.0,0.0,1.0
0.9656577765492774,0,0,0.0,0.0,0.0,1.0
0.9564623748599483,0,0,0.0,0.0,0.0,1.0
0.9462043355963872,0,0,0.0,0.0,0.0,1.0
0.934895055524683,0,0,0.0,0.0,0.0,1.0
0.9225470993481192,0,0,0.0,0.0,0.0,1.0
0.9091741857476842,0,0,0.0,0.0,0.0,1.0
0.8947911721405042,0,0,0.0,0.0,0.0,1.0
0.8794140381731302,0,0,0.0,0.0,0.0,1.0
0.8630598679680195,0,0,0.0,0.0,0.0,1.0
0.8457468311429343,0,0,0.0,0.0,0.0,1.0
0.8274941626243475,0,0,0.0,0.0,0.0,1.0
0.8083221412772794,0,0,0.0,0.0,0.0,1.0
0.7882520673753163,0,0,0.0,0.0,0.0,1.0
0.7673062389358243,0,0,0.0,0.0,0.0,1.0
0.7455079269466732,0,0,0.0,0.0,0.0,1.0
0.722881349511976,0,0,0.0,0.0,0.0,1.0
0.699451644945576,0,0,0.0,0.0,0.0,1.0
0.6752448438421725,0,0,0.0,0.0,0.0,1.0
0.6502878401571168,0,0,0.0,0.0,0.0,1.0
0.6246083613270055,0,0,0.0,0.0,0.0,1.0
0.5982349374642704,0,0,0.0,0.0,0.0,1.0
0.5711968696599886,0,0,0.0,0.0,0.0,1.0
0.5435241974301294,0,0,0.0,0.0,0.0,1.0
0.5152476653414041,0,0,0.0,0.0,0.0,1.0
0.48639868885379967,0,0,0.0,0.0,0.0,1.0
0.45700931941774403,0,0,0.0,0.0,0.0,1.0
0.4271122088646787,0,0,0.0,0.0,0.0,1.0
0.39674057313061206,0,0,0.0,0.0,0.0,1.0
0.3659281553529311,0,0,0.0,0.0,0.0,1.0
0.3347091883815043,0,0,0.0,0.0,0.0,1.0
0.30311835674570226,0,0,0.0,0.0,0.0,1.0
0.2711907581195995,0,0,0.0,0.0,0.0,1.0
0.23896186432816974,0,0,0.0,0.0,0.0,1.0
0.2064674819377966,0,0,0.0,0.0,0.0,1.0
0.17374371247488302,0,0,0.0,0.0,0.0,1.0
0.14082691231675842,0,0,0.0,0.0,0.0,1.0
0.10775365229944406,0,0,0.0,0.0,0.0,1.0
0.07456067708715312,0,0,0.0,0.0,0.0,1.0
0.041284864348666135,0,0,0.0,0.0,0.0,1.0
0.007963183785937343,0,0,0.0,0.0,0.0,1.0
-0.02536734393954857,0,0,0.0,0.0,0.0,1.0
-0.05866968833703804,0,0,0.0,0.0,0.0,1.0
-0.09190685022768164,0,0,0.0,0.0,0.0,1.0
-0.1250419028509371,0,0,0.0,0.0,0.0,1.0
-0.15803803289049728,0,0,0.0,0.0,0.0,1.0
-0.19085858137418937,0,0,0.0,0.0,0.0,1.0
-0.22346708440239502,0,0,0.0,0.0,0.0,1.0
-0.2558273136597428,0,0,0.0,0.0,0.0,1.0
-0.2879033166650653,0,0,0.0,0.0,0.0,1.0
-0.3196594567149029,0,0,0.0,0.0,0.0,1.0
-0.3510604524761669,0,0,0.0,0.0,0.0,1.0
-0.3820714171840091,0,0,0.0,0.0,0.0,1.0
-0.41265789740128006,0,0,0.0,0.0,0.0,1.0
-0.44278591129660777,0,0,0.0,0.0,0.0,1.0
-0.47242198639846616,0,0,0.0,0.0,0.0,1.0
-0.501533196783392,0,0,0.0,0.0,0.0,1.0
-0.5300871996569323,0,0,0.0,0.0,0.0,1.0
-0.5580522712867794,0,0,0.0,0.0,0.0,1.0
-0.5853973422480746,0,0,0.0,0.0,0.0,1.0
-0.6120920319418195,0,0,0.0,0.0,0.0,1.0
-0.6381066823479474,0,0,0.0,0.0,0.0,1.0
-0.6634123909756513,0,0,0.0,0.0,0.0,1.0
-0.6879810429742665,0,0,0.0,0.0,0.0,1.0
-0.711785342369123,0,0,0.0,0.0,0.0,1.0
-0.7347988423875798,0,0,0.0,0.0,0.0,1.0
-0.7569959748416144,0,0,0.0,0.0,0.0,1.0
-0.7783520785342984,0,0,0.0,0.0,0.0,1.0
-0.798843426658573,0,0,0.0,0.0,0.0,1.0
-0.8184472531579451,0,0,0.0,0.0,0.0,1.0
-0.8371417780197468,0,0,0.0,0.0,0.0,1.0
-0.854906231472925,0,0,0.0,0.0,0.0,1.0
-0.8717208770634121,0,0,0.0,0.0,0.0,1.0
-0.8875670335815046,0,0,0.0,0.0,0.0,1.0
-0.902427095816826,0,0,0.0,0.0,0.0,1.0
-0.9162845541178744,0,0,0.0,0.0,0.0,1.0
-0.9291240127343684,0,0,0.0,0.0,0.0,1.0
-0.9409312069220644,0,0,0.0,0.0,0.0,1.0
-0.9516930187909938,0,0,0.0,0.0,0.0,1.0
-0.9613974918795568,0,0,0.0,0.0,0.0,1.0
-0.9700338444382418,0,0,0.0,0.0,0.0,1.0
-0.9775924814082413,0,0,0.0,0.0,0.0,1.0
-0.9840650050816434,0,0,0.0,0.0,0.0,1.0
-0.989444224431349,0,0,0.0,0.0,0.0,1.0
-0.993724163100368,0,0,0.0,0.0,0.0,1.0
-0.9969000660415961,0,0,0.0,0.0,0.0,1.0
-0.9989684048007148,0,0,0.0,0.0,0.0,1.0
-0.9999268814363313,0,0,0.0,0.0,0.0,1.0
-0.9997744310730111,0,0,0.0,0.0,0.0,1.0
-0.9985112230843634,0,0,0.0,0.0,0.0,1.0
-0.9961386609048646,0,0,0.0,0.0,0.0,1.0
-0.9926593804706332,0,0,0.0,0.0,0.0,1.0
-0.98807724729088,0,0,0.0,0.0,0.0,1.0
-0.9823973521532994,0,0,0.0,0.0,0.0,1.0
-0.9756260054681576,0,0,0.0,0.0,0.0,1.0
-0.9677707302573794,0,0,0.0,0.0,0.0,1.0
-0.9588402537964075,0,0,0.0,0.0,0.0,1.0
-0.948844497918124,0,0,0.0,0.0,0.0,1.0
-0.9377945679896195,0,0,0.0,0.0,0.0,1.0
-0.92570274057403,0,0,0.0,0.0,0.0,1.0
-0.9125824497911845,0,0,0.0,0.0,0.0,1.0
-0.8984482723921755,0,0,0.0,0.0,0.0,1.0
-0.8833159115644811,0,0,0.0,0.0,0.0,1.0
-0.8672021794855813,0,0,0.0,0.0,0.0,1.0
-0.8501249786445041,0,0,0.0,0.0,0.0,1.0
-0.8321032819519982,0,0,0.0,0.0,0.0,1.0
-0.8131571116614885,0,0,0.0,0.0,0.0,1.0
-0.7933075171241712,0,0,0.0,0.0,0.0,1.0
-0.7725765514030284,0,0,0.0,0.0,0.0,1.0
-0.7509872467716762,0,0,0.0,0.0,0.0,1.0
-0.7285635891253339,0,0,0.0,0.0,0.0,1.0
-0.7053304913322916,0,0,0.0,0.0,0.0,1.0
-0.6813137655554999,0,0,0.0,0.0,0.0,1.0
-0.656540094575062,0,0,0.0,0.0,0.0,1.0
-0.6310370021434247,0,0,0.0,0.0,0.0,1.0
-0.6048328224062841,0,0,0.0,0.0,0.0,1.0
-0.5779566684230948,0,0,0.0,0.0,0.0,1.0
-0.5504383998222432,0,0,0.0,0.0,0.0,1.0
-0.5223085896267315,0,0,0.0,0.0,0.0,1.0
-0.4935984902873213,0,0,0.0,0.0,0.0,1.0
-0.464339998960779,0,0,0.0,0.0,0.0,1.0
-0.43456562207189675,0,0,0.0,0.0,0.0,1.0
-0.4043084391985618,0,0,0.0,0.0,0.0,1.0
-0.37360206632009846,0,0,0.0,0.0,0.0,1.0
-0.34248061846961253,0,0,0.0,0.0,0.0,1.0
-0.3109786718319314,0,0,0.0,0.0,0.0,1.0
-0.2791312253291682,0,0,0.0,0.0,0.0,1.0
-0.2469736617366209,0,0,0.0,0.0,0.0,1.0
-0.2145417083722416,0,0,0.0,0.0,0.0,1.0
-0.18187139740326444,0,0,0.0,0.0,0.0,1.0
-0.1489990258141988,0,0,0.0,0.0,0.0,1.0
-0.11596111508055294,0,0,0.0,0.0,0.0,1.0
-0.08279437059320179,0,0,0.0,0.0,0.0,1.0
-0.04953564087836742,0,0,0.0,0.0,0.0,1.0
-0.016221876658631243,0,0,0.0,0.0,0.0,1.0
0.017109910199651423,0,0,0.0,0.0,0.0,1.0
0.05042268780681122,0,0,0.0,0.0,0.0,1.0
0.08367944539262753,0,0,0.0,0.0,0.0,1.0
0.11684323442557053,0,0,0.0,0.0,0.0,1.0
0.14987720966295234,0,0,0.0,0.0,0.0,1.0
0.1827446700862702,0,0,0.0,0.0,0.0,1.0
0.21540909967635108,0,0,0.0,0.0,0.0,1.0
0.24783420798295983,0,0,0.0,0.0,0.0,1.0
0.279983970443764,0,0,0.0,0.0,0.0,1.0
0.3118226684079469,0,0,0.0,0.0,0.0,1.0
0.3433149288198954,0,0,0.0,0.0,0.0,1.0
0.3744257635189829,0,0,0.0,0.0,0.0,1.0
0.40512060811167727,0,0,0.0,0.0,0.0,1.0
0.4353653603728932,0,0,0.0,0.0,0.0,1.0
0.4651264181338188,0,0,0.0,0.0,0.0,1.0
0.4943707166142276,0,0,0.0,0.0,0.0,1.0
0.5230657651576964,0,0,0.0,0.0,0.0,1.0
0.551179683329017,0,0,0.0,0.0,0.0,1.0
0.5786812363335976,0,0,0.0,0.0,0.0,1.0
0.605539869719601,0,0,0.0,0.0,0.0,1.0
0.6317257433241713,0,0,0.0,0.0,0.0,1.0
0.6572097644261098,0,0,0.0,0.0,0.0,1.0
0.6819636200681356,0,0,0.0,0.0,0.0,1.0
0.7059598085127952,0,0,0.0,0.0,0.0,1.0
0.7291716697971409,0,0,0.0,0.0,0.0,1.0
0.7515734153521483,0,0,0.0,0.0,0.0,1.0
0.7731401566540486,0,0,0.0,0.0,0.0,1.0
0.7938479328756647,0,0,0.0,0.0,0.0,1.0
0.8136737375071054,0,0,0.0,0.0,0.0,1.0
0.8325955439161701,0,0,0.0,0.0,0.0,1.0
0.8505923298201352,0,0,0.0,0.0,0.0,1.0
0.8676441006416673,0,0,0.0,0.0,0.0,1.0
0.8837319117229787,0,0,0.0,0.0,0.0,1.0
0.8988378893734832,0,0,0.0,0.0,0.0,1.0
0.9129452507276277,0,0,0.0,0.0,0.0,1.0
0.9260383223907824,0,0,0.0,0.0,0.0,1.0
0.9381025578525165,0,0,0.0,0.0,0.0,1.0
0.9491245536478946,0,0,0.0,0.0,0.0,1.0
0.9590920642488275,0,0,0.0,0.0,0.0,1.0
0.9679940156689648,0,0,0.0,0.0,0.0,1.0
0.9758205177669755,0,0,0.0,0.0,0.0,1.0
0.9825628752345853,0,0,0.0,0.0,0.0,1.0
0.9882135972571277,0,0,0.0,0.0,0.0,1.0
0.9927664058359071,0,0,0.0,0.0,0.0,1.0
0.9962162427631029,0,0,0.0,0.0,0.0,1.0
0.9985592752414826,0,0,0.0,0.0,0.0,1.0
0.9997929001426692,0,0,0.0,0.0,0.0,1.0
0.9999157468992397,0,0,0.0,0.0,0.0,1.0
0.9989276790274358,0,0,0.0,0.0,0.0,1.0
0.9968297942787993,0,0,0.0,0.0,0.0,1.0
0.9936244234205601,0,0,0.0,0.0,0.0,1.0
0.9893151276461363,0,0,0.0,0.0,0.0,1.0
0.9839066946186161,0,0,0.0,0.0,0.0,1.0
0.9774051331516288,0,0,0.0,0.0,0.0,1.0
0.9698176665334984,0,0,0.0,0.0,0.0,1.0
0.9611527245021165,0,0,0.0,0.0,0.0,1.0
0.9514199338794274,0,0,0.0,0.0,0.0,1.0
0.9406301078759575,0,0,0.0,0.0,0.0,1.0
0.9287952340772404,0,0,0.0,0.0,0.0,1.0
0.9159284611255206,0,0,0.0,0.0,0.0,1.0
0.9020440841114932,0,0,0.0,0.0,0.0,1.0
0.8871575286923511,0,0,0.0,0.0,0.0,1.0
0.8712853339537419,0,0,0.0,0.0,0.0,1.0
0.8544451340347191,0,0,0.0,0.0,0.0,1.0
0.8366556385360561,0,0,0.0,0.0,0.0,1.0
0.8179366117337368,0,0,0.0,0.0,0.0,1.0
0.7983088506206781,0,0,0.0,0.0,0.0,1.0
0.7777941618010928,0,0,0.0,0.0,0.0,1.0
0.7564153372631871,0,0,0.0,0.0,0.0,1.0
0.7341961290570567,0,0,0.0,0.0,0.0,1.0
0.7111612229059825,0,0,0.0,0.0,0.0,1.0
0.6873362107803686,0,0,0.0,0.0,0.0,1.0
0.6627475624648731,0,0,0.0,0.0,0.0,1.0
0.6374225961502389,0,0,0.0,0.0,0.0,1.0
0.6113894480825791,0,0,0.0,0.0,0.0,1.0
0.5846770413037553,0,0,0.0,0.0,0.0,1.0
0.5573150535176614,0,0,0.0,0.0,0.0,1.0
0.5293338841180277,0,0,0.0,0.0,0.0,1.0
0.5007646204144675,0,0,0.0,0.0,0.0,1.0
0.47163900309419615,0,0,0.0,0.0,0.0,1.0
0.44198939095788753,0,0,0.0,0.0,0.0,1.0
0.41184872496877095,0,0,0.0,0.0,0.0,1.0
0.3812504916549401,0,0,0.0,0.0,0.0,1.0
0.35022868590556716,0,0,0.0,0.0,0.0,1.0
0.31881777320227467,0,0,0.0,0.0,0.0,1.0
0.28705265132772845,0,0,0.0,0.0,0.0,1.0
0.2549686115938867,0,0,0.0,0.0,0.0,1.0
0.22260129963308894,0,0,0.0,0.0,0.0,1.0
0.18998667579543774,0,0,0.0,0.0,0.0,1.0
0.157160975196581,0,0,0.0,0.0,0.0,1.0
0.12416066746017261,0,0,0.0,0.0,0.0,1.0
0.09102241619984787,0,0,0.0,0.0,0.0,1.0
0.057783038285619065,0,0,0.0,0.0,0.0,1.0
0.024479462940057737,0,0,0.0,0.0,0.0,1.0
-0.008851309290403876,0,0,0.0,0.0,0.0,1.0
-0.04217224764335984,0,0,0.0,0.0,0.0,1.0
-0.07544633228192311,0,0,0.0,0.0,0.0,1.0
-0.10863659542407976,0,0,0.0,0.0,0.0,1.0
-0.14170616241417444,0,0,0.0,0.0,0.0,1.0
-0.17461829269098467,0,0,0.0,0.0,0.0,1.0
-0.20733642060675878,0,0,0.0,0.0,0.0,1.0
-0.23982419605197963,0,0,0.0,0.0,0.0,1.0
-0.2720455248406078,0,0,0.0,0.0,0.0,1.0
-0.30396460881104703,0,0,0.0,0.0,0.0,1.0
-0.33554598559816934,0,0,0.0,0.0,0.0,1.0
-0.3667545680323215,0,0,0.0,0.0,0.0,1.0
-0.3975556831214329,0,0,0.0,0.0,0.0,1.0
-0.42791511057302156,0,0,0.0,0.0,0.0,1.0
-0.4577991208131949,0,0,0.0,0.0,0.0,1.0
-0.4871745124605095,0,0,0.0,0.0,0.0,1.0
-0.5160086492129574,0,0,0.0,0.0,0.0,1.0
-0.5442694961071758,0,0,0.0,0.0,0.0,1.0
-0.5719256551095638,0,0,0.0,0.0,0.0,1.0
-0.5989463999997361,0,0,0.0,0.0,0.0,1.0
-0.6253017105076292,0,0,0.0,0.0,0.0,1.0
-0.6509623056662469,0,0,0.0,0.0,0.0,1.0
-0.6758996763430772,0,0,0.0,0.0,0.0,1.0
-0.7000861169139522,0,0,0.0,0.0,0.0,1.0
-0.723494756044245,0,0,0.0,0.0,0.0,1.0
-0.7460995865431241,0,0,0.0,0.0,0.0,1.0
-0.767875494257776,0,0,0.0,0.0,0.0,1.0
-0.7887982859754165,0,0,0.0,0.0,0.0,1.0
-0.8088447163021678,0,0,0.0,0.0,0.0,1.0
-0.8279925134888654,0,0,0.0,0.0,0.0,1.0
-0.8462204041751706,0,0,0.0,0.0,0.0,1.0
-0.8635081370244359,0,0,0.0,0.0,0.0,1.0
-0.879836505223112,0,0,0.0,0.0,0.0,1.0
-0.8951873678196818,0,0,0.0,0.0,0.0,1.0
-0.9095436698793942,0,0,0.0,0.0,0.0,1.0
-0.9228894614324502,0,0,0.0,0.0,0.0,1.0
-0.9352099151945389,0,0,0.0,0.0,0.0,1.0
-0.9464913430400833,0,0,0.0,0.0,0.0,1.0
-0.9567212112098504,0,0,0.0,0.0,0.0,1.0
-0.9658881542360704,0,0,0.0,0.0,0.0,1.0
-0.9739819875695561,0,0,0.0,0.0,0.0,1.0
-0.980993718894829,0,0,0.0,0.0,0.0,1.0
-0.9869155581206488,0,0,0.0,0.0,0.0,1.0
-0.9917409260348747,0,0,0.0,0.0,0.0,1.0
-0.99546446161402,0,0,0.0,0.0,0.0,1.0
-0.9980820279793963,0,0,0.0,0.0,0.0,1.0
-0.9995907169932173,0,0,0.0,0.0,0.0,1.0
-0.999988852489566,0,0,0.0,0.0,0.0,1.0
-0.9992759921366277,0,0,0.0,0.0,0.0,1.0
-0.9974529279281242,0,0,0.0,0.0,0.0,1.0
-0.9945216853034028,0,0,0.0,0.0,0.0,1.0
-0.9904855208971565,0,0,0.0,0.0,0.0,1.0
-0.9853489189212746,0,0,0.0,0.0,0.0,1.0
-0.9791175861828497,0,0,0.0,0.0,0.0,1.0
-0.9717984457438633,0,0,0.0,0.0,0.0,1.0
-0.9633996292296123,0,0,0.0,0.0,0.0,1.0
-0.9539304677944003,0,0,0.0,0.0,0.0,1.0
-0.9434014817545555,0,0,0.0,0.0,0.0,1.0
-0.9318243689002642,0,0,0.0,0.0,0.0,1.0
-0.9192119914992393,0,0,0.0,0.0,0.0,1.0
-0.9055783620066238,0,0,0.0,0.0,0.0,1.0
-0.8909386274970487,0,0,0.0,0.0,0.0,1.0
-0.8753090528361028,0,0,0.0,0.0,0.0,1.0
-0.8587070026099295,0,0,0.0,0.0,0.0,1.0
-0.841150921833039,0,0,0.0,0.0,0.0,1.0
-0.8226603154557323,0,0,0.0,0.0,0.0,1.0
-0.8032557266939547,0,0,0.0,0.0,0.0,1.0
-0.7829587142055993,0,0,0.0,0.0,0.0,1.0
-0.7617918281386756,0,0,0.0,0.0,0.0,1.0
-0.7397785850778934,0,0,0.0,0.0,0.0,1.0
-0.7169434419175607,0,0,0.0,0.0,0.0,1.0
-0.693311768689754,0,0,0.0,0.0,0.0,1.0
-0.6689098203780243,0,0,0.0,0.0,0.0,1.0
-0.6437647077478725,0,0,0.0,0.0,0.0,1.0
-0.6179043672264877,0,0,0.0,0.0,0.0,1.0
-0.5913575298651244,0,0,0.0,0.0,0.0,1.0
-0.5641536894186874,0,0,0.0,0.0,0.0,1.0
-0.5363230695779194,0,0,0.0,0.0,0.0,1.0
-0.5078965903906221,0,0,0.0,0.0,0.0,1.0
-0.4789058339092498,0,0,0.0,0.0,0.0,1.0
-0.4493830091029646,0,0,0.0,0.0,0.0,1.0
-0.41936091607323134,0,0,0.0,0.0,0.0,1.0
-0.3888729096126094,0,0,0.0,0.0,0.0,1.0
-0.3579528621473293,0,0,0.0,0.0,0.0,1.0
-0.32663512610472223,0,0,0.0,0.0,0.0,1.0
-0.2949544957474166,0,0,0.0,0.0,0.0,1.0
-0.26294616851659935,0,0,0.0,0.0,0.0,1.0
-0.23064570592739567,0,0,0.0,0.0,0.0,1.0
-0.19808899405970581,0,0,0.0,0.0,0.0,1.0
-0.16531220368850222,0,0,0.0,0.0,0.0,1.0
-0.13235175009777303,0,0,0.0,0.0,0.0,1.0
-0.09924425262286608,0,0,0.0,0.0,0.0,1.0
-0.0660264939660954,0,0,0.0,0.0,0.0,1.0
-0.03273537933084532,0,0,0.0,0.0,0.0,1.0
0.0005921045803895027,0,0,0.0,0.0,0.0,1.0
0.033918930658563516,0,0,0.0,0.0,0.0,1.0
0.06720807252547492,0,0,0.0,0.0,0.0,1.0
0.10042254567040512,0,0,0.0,0.0,0.0,1.0
0.13352544854018633,0,0,0.0,0.0,0.0,1.0
0.16648000353715925,0,0,0.0,0.0,0.0,1.0
0.19924959787935873,0,0,0.0,0.0,0.0,1.0
0.23179782427764414,0,0,0.0,0.0,0.0,1.0
0.2640885213844694,0,0,0.0,0.0,0.0,1.0
0.2960858139694656,0,0,0.0,0.0,0.0,1.0
0.3277541527770899,0,0,0.0,0.0,0.0,1.0
0.3590583540221683,0,0,0.0,0.0,0.0,1.0
0.38996363847934706,0,0,0.0,0.0,0.0,1.0
0.4204356701231089,0,0,0.0,0.0,0.0,1.0
0.4504405942753893,0,0,0.0,0.0,0.0,1.0
0.47994507521838026,0,0,0.0,0.0,0.0,1.0
0.5089163332308128,0,0,0.0,0.0,0.0,1.0
0.5373221810064719,0,0,0.0,0.0,0.0,1.0
0.5651310594145835,0,0,0.0,0.0,0.0,1.0
0.5923120725622449,0,0,0.0,0.0,0.0,1.0
0.6188350221200393,0,0,0.0,0.0,0.0,1.0
0.644670440872605,0,0,0.0,0.0,0.0,1.0
0.6697896254569782,0,0,0.0,0.0,0.0,1.0
0.694164668252242,0,0,0.0,0.0,0.0,1.0
0.7177684883851457,0,0,0.0,0.0,0.0,1.0
0.7405748618171565,0,0,0.0,0.0,0.0,1.0
0.7625584504796027,0,0,0.0,0.0,0.0,1.0
0.7836948304244592,0,0,0.0,0.0,0.0,1.0
0.8039605189595626,0,0,0.0,0.0,0.0,1.0
0.8233330007380816,0,0,0.0,0.0,0.0,1.0
0.8417907527732381,0,0,0.0,0.0,0.0,1.0
0.8593132683505391,0,0,0.0,0.0,0.0,1.0
0.8758810798108894,0,0,0.0,0.0,0.0,1.0
0.8914757801793363,0,0,0.0,0.0,0.0,1.0
0.9060800436153563,0,0,0.0,0.0,0.0,1.0
0.9196776446620198,0,0,0.0,0.0,0.0,1.0
0.9322534762725948,0,0,0.0,0.0,0.0,1.0
0.943793566594612,0,0,0.0,0.0,0.0,1.0
0.9542850944926969,0,0,0.0,0.0,0.0,1.0
0.9637164037929672,0,0,0.0,0.0,0.0,1.0
0.9720770162331281,0,0,0.0,0.0,0.0,1.0
0.979357643103917,0,0,0.0,0.0,0.0,1.0
0.9855501955689291,0,0,0.0,0.0,0.0,1.0
0.990647793651384,0,0,0.0,0.0,0.0,1.0
0.9946447738778381,0,0,0.0,0.0,0.0,1.0
0.9975366955703471,0,0,0.0,0.0,0.0,1.0
0.999320345780098,0,0,0.0,0.0,0.0,1.0
0.9999937428570207,0,0,0.0,0.0,0.0,1.0
0.9995561386514177,0,0,0.0,0.0,0.0,1.0
0.998008019345165,0,0,0.0,0.0,0.0,1.0
0.9953511049115591,0,0,0.0,0.0,0.0,1.0
0.9915883472044141,0,0,0.0,0.0,0.0,1.0
0.9867239266785253,0,0,0.0,0.0,0.0,1.0
0.9807632477451529,0,0,0.0,0.0,0.0,1.0
0.9737129327676723,0,0,0.0,0.0,0.0,1.0
0.9655808147040794,0,0,0.0,0.0,0.0,1.0
0.956375928404503,0,0,0.0,0.0,0.0,1.0
0.9461085005734181,0,0,0.0,0.0,0.0,1.0
0.9347899384076912,0,0,0.0,0.0,0.0,1.0
0.9224328169230858,0,0,0.0,0.0,0.0,1.0
0.9090508649833259,0,0,0.0,0.0,0.0,1.0
0.8946589500472041,0,0,0.0,0.0,0.0,1.0
0.8792730616507243,0,0,0.0,0.0,0.0,1.0
0.8629102936425833,0,0,0.0,0.0,0.0,1.0
0.8455888251927769,0,0,0.0,0.0,0.0,1.0
0.8273279005953786,0,0,0.0,0.0,0.0,1.0
0.8081478078879853,0,0,0.0,0.0,0.0,1.0
0.7880698563115249,0,0,0.0,0.0,0.0,1.0
0.7671163526355301,0,0,0.0,0.0,0.0,1.0
0.7453105763751171,0,0,0.0,0.0,0.0,1.0
0.7226767539272705,0,0,0.0,0.0,0.0,1.0
0.6992400316550977,0,0,0.0,0.0,0.0,1.0
0.6750264479500298,0,0,0.0,0.0,0.0,1.0
0.6500629043029467,0,0,0.0,0.0,0.0,1.0
0.6243771354163914,0,0,0.0,0.0,0.0,1.0
0.5979976783911057,0,0,0.0,0.0,0.0,1.0
0.5709538410210546,0,0,0.0,0.0,0.0,1.0
0.5432756692322478,0,0,0.0,0.0,0.0,1.0
0.5149939137014463,0,0,0.0,0.0,0.0,1.0
0.48613999569193034,0,0,0.0,0.0,0.0,1.0
0.4567459721441928,0,0,0.0,0.0,0.0,1.0
0.4268445000604399,0,0,0.0,0.0,0.0,1.0
0.3964688002223667,0,0,0.0,0.0,0.0,1.0
0.36565262028262135,0,0,0.0,0.0,0.0,1.0
0.3344301972708589,0,0,0.0,0.0,0.0,1.0
0.3028362195561456,0,0,0.0,0.0,0.0,1.0
0.27090578830786904,0,0,0.0,0.0,0.0,1.0
0.23867437849807285,0,0,0.0,0.0,0.0,1.0
0.20617779948846118,0,0,0.0,0.0,0.0,1.0
0.1734521552458921,0,0,0.0,0.0,0.0,1.0
0.1405338042305977,0,0,0.0,0.0,0.0,1.0
0.10745931900160728,0,0,0.0,0.0,0.0,1.0
0.07426544558436131,0,0,0.0,0.0,0.0,1.0
0.040989062645546366,0,0,0.0,0.0,0.0,1.0
0.007667140520621044,0,0,0.0,0.0,0.0,1.0
-0.02566329986055949,0,0,0.0,0.0,0.0,1.0
-0.05896522810427303,0,0,0.0,0.0,0.0,1.0
-0.09220164549403108,0,0,0.0,0.0,0.0,1.0
-0.12533562609642912,0,0,0.0,0.0,0.0,1.0
-0.15833035778619103,0,0,0.0,0.0,0.0,1.0
-0.1911491831447152,0,0,0.0,0.0,0.0,1.0
-0.22375564018679642,0,0,0.0,0.0,0.0,1.0
-0.2561135028701673,0,0,0.0,0.0,0.0,1.0
-0.28818682134294005,0,0,0.0,0.0,0.0,1.0
-0.3199399618841981,0,0,0.0,0.0,0.0,1.0
-0.3513376464933297,0,0,0.0,0.0,0.0,1.0
-0.3823449920842039,0,0,0.0,0.0,0.0,1.0
-0.4129275492405401,0,0,0.0,0.0,0.0,1.0
-0.4430513404895193,0,0,0.0,0.0,0.0,1.0
-0.4726828980510101,0,0,0.0,0.0,0.0,1.0
-0.5017893010205741,0,0,0.0,0.0,0.0,1.0
-0.5303382119448361,0,0,0.0,0.0,0.0,1.0
-0.5582979127486861,0,0,0.0,0.0,0.0,1.0
-0.5856373399742976,0,0,0.0,0.0,0.0,1.0
-0.6123261192929086,0,0,0.0,0.0,0.0,1.0
-0.6383345992509281,0,0,0.0,0.0,0.0,1.0
-0.6636338842129675,0,0,0.0,0.0,0.0,1.0
-0.6881958664651103,0,0,0.0,0.0,0.0,1.0
-0.7119932574428222,0,0,0.0,0.0,0.0,1.0
-0.7349996180487777,0,0,0.0,0.0,0.0,1.0
-0.7571893880268985,0,0,0.0,0.0,0.0,1.0
-0.7785379143600272,0,0,0.0,0.0,0.0,1.0
-0.7990214786596137,0,0,0.0,0.0,0.0,1.0
-0.8186173235170586,0,0,0.0,0.0,0.0,1.0
-0.8373036777873637,0,0,0.0,0.0,0.0,1.0
-0.8550597807770702,0,0,0.0,0.0,0.0,1.0
-0.8718659053095446,0,0,0.0,0.0,0.0,1.0
-0.8877033796420485,0,0,0.0,0.0,0.0,1.0
-0.9025546082101854,0,0,0.0,0.0,0.0,1.0
-0.9164030911767304,0,0,0.0,0.0,0.0,1.0
-0.9292334427630724,0,0,0.0,0.0,0.0,1.0
-0.9410314083429535,0,0,0.0,0.0,0.0,1.0
-0.9517838802794655,0,0,0.0,0.0,0.0,1.0
-0.961478912487747,0,0,0.0,0.0,0.0,1.0
-0.9701057337071853,0,0,0.0,0.0,0.0,1.0
-0.9776547594683686,0,0,0.0,0.0,0.0,1.0
-0.9841176027415166,0,0,0.0,0.0,0.0,1.0
-0.9894870832545352,0,0,0.0,0.0,0.0,1.0
-0.9937572354703614,0,0,0.0,0.0,0.0,1.0
-0.9969233152147214,0,0,0.0,0.0,0.0,1.0
-0.9989818049469494,0,0,0.0,0.0,0.0,1.0
-0.9999304176680022,0,0,0.0,0.0,0.0,1.0
-0.9997680994613359,0,0,0.0,0.0,0.0,1.0
-0.9984950306638146,0,0,0.0,0.0,0.0,1.0
-0.9961126256653551,0,0,0.0,0.0,0.0,1.0
-0.9926235313375282,0,0,0.0,0.0,0.0,1.0
-0.9880316240928618,0,0,0.0,0.0,0.0,1.0
-0.9823420055781158,0,0,0.0,0.0,0.0,1.0
-0.9755609970063108,0,0,0.0,0.0,0.0,1.0
-0.9676961321338052,0,0,0.0,0.0,0.0,1.0
-0.9587561488902354,0,0,0.0,0.0,0.0,1.0
-0.9487509796705973,0,0,0.0,0.0,0.0,1.0
-0.9376917403002811,0,0,0.0,0.0,0.0,1.0
-0.9255907176852898,0,0,0.0,0.0,0.0,1.0
-0.912461356161394,0,0,0.0,0.0,0.0,1.0
-0.8983182425573547,0,0,0.0,0.0,0.0,1.0
-0.883177089988847,0,0,0.0,0.0,0.0,1.0
-0.8670547204010478,0,0,0.0,0.0,0.0,1.0
-0.8499690458793281,0,0,0.0,0.0,0.0,1.0
-0.8319390487487659,0,0,0.0,0.0,0.0,1.0
-0.812984760484641,0,0,0.0,0.0,0.0,1.0
-0.7931272394572851,0,0,0.0,0.0,0.0,1.0
-0.7723885475360739,0,0,0.0,0.0,0.0,1.0
-0.7507917255785019,0,0,0.0,0.0,0.0,1.0
-0.7283607678315934,0,0,0.0,0.0,0.0,1.0
-0.7051205952741123,0,0,0.0,0.0,0.0,1.0
-0.6810970279291307,0,0,0.0,0.0,0.0,1.0
-0.6563167561777904,0,0,0.0,0.0,0.0,1.0
-0.6308073111060492,0,0,0.0,0.0,0.0,1.0
-0.6045970339174385,0,0,0.0,0.0,0.0,1.0
-0.5777150444457317,0,0,0.0,0.0,0.0,1.0
-0.5501912088025911,0,0,0.0,0.0,0.0,1.0
-0.5220561061960487,0,0,0.0,0.0,0.0,1.0
-0.4933409949567783,0,0,0.0,0.0,0.0,1.0
-0.4640777778098083,0,0,0.0,0.0,0.0,1.0
-0.43429896643035626,0,0,0.0,0.0,0.0,1.0
-0.404037645323065,0,0,0.0,0.0,0.0,1.0
-0.37332743506486754,0,0,0.0,0.0,0.0,1.0
-0.34220245495224005,0,0,0.0,0.0,0.0,1.0
-0.3106972850943722,0,0,0.0,0.0,0.0,1.0
-0.2788469279944048,0,0,0.0,0.0,0.0,1.0
-0.24668676966133327,0,0,0.0,0.0,0.0,1.0
-0.2142525402958877,0,0,0.0,0.0,0.0,1.0
-0.18158027459395815,0,0,0.0,0.0,0.0,1.0
-0.14870627171177847,0,0,0.0,0.0,0.0,1.0
-0.11566705493723693,0,0,0.0,0.0,0.0,1.0
-0.08249933111223072,0,0,0.0,0.0,0.0,1.0
-0.04923994985103408,0,0,0.0,0.0,0.0,1.0
-0.0159258626001018,0,0,0.0,0.0,0.0,1.0
0.01740591841532049,0,0,0.0,0.0,0.0,1.0
0.05071836131205489,0,0,0.0,0.0,0.0,1.0
0.08397445569174683,0,0,0.0,0.0,0.0,1.0
0.11713725375969747,0,0,0.0,0.0,0.0,1.0
0.1501699113741786,0,0,0.0,0.0,0.0,1.0
0.183035728980588,0,0,0.0,0.0,0.0,1.0
0.21569819238493215,0,0,0.0,0.0,0.0,1.0
0.24812101332142444,0,0,0.0,0.0,0.0,1.0
0.2802681697690195,0,0,0.0,0.0,0.0,1.0
0.3121039459722028,0,0,0.0,0.0,0.0,1.0
0.34359297212146167,0,0,0.0,0.0,0.0,1.0
0.374700263649462,0,0,0.0,0.0,0.0,1.0
0.405391260099164,0,0,0.0,0.0,0.0,1.0
0.4356318635208008,0,0,0.0,0.0,0.0,1.0
0.46538847635495545,0,0,0.0,0.0,0.0,1.0
0.4946280387597518,0,0,0.0,0.0,0.0,1.0
0.5233180653405857,0,0,0.0,0.0,0.0,1.0
0.5514266812416906,0,0,0.0,0.0,0.0,1.0
0.5789226575593407,0,0,0.0,0.0,0.0,1.0
0.6057754460374466,0,0,0.0,0.0,0.0,1.0
0.631955213006885,0,0,0.0,0.0,0.0,1.0
0.6574328725309873,0,0,0.0,0.0,0.0,1.0
0.6821801187202325,0,0,0.0,0.0,0.0,1.0
0.7061694571803344,0,0,0.0,0.0,0.0,1.0
0.7293742355587186,0,0,0.0,0.0,0.0,1.0
0.751768673155538,0,0,0.0,0.0,0.0,1.0
0.7733278895662206,0,0,0.0,0.0,0.0,1.0
0.7940279323238144,0,0,0.0,0.0,0.0,1.0
0.8138458035103572,0,0,0.0,0.0,0.0,1.0
0.8327594853077798,0,0,0.0,0.0,0.0,1.0
0.8507479644598648,0,0,0.0,0.0,0.0,1.0
0.8677912556181561,0,0,0.0,0.0,0.0,1.0
0.8838704235458307,0,0,0.0,0.0,0.0,1.0
0.8989676041549243,0,0,0.0,0.0,0.0,1.0
0.9130660243534692,0,0,0.0,0.0,0.0,1.0
0.9261500206805285,0,0,0.0,0.0,0.0,1.0
0.9382050567084492,0,0,0.0,0.0,0.0,1.0
0.9492177391929397,0,0,0.0,0.0,0.0,1.0
0.9591758329530804,0,0,0.0,0.0,0.0,1.0
0.9680682744647021,0,0,0.0,0.0,0.0,1.0
0.9758851841520648,0,0,0.0,0.0,0.0,1.0
0.9826178773641395,0,0,0.0,0.0,0.0,1.0
0.9882588740233298,0,0,0.0,0.0,0.0,1.0
0.9928019069358955,0,0,0.0,0.0,0.0,1.0
0.9962419287548636,0,0,0.0,0.0,0.0,1.0
0.998575117587667,0,0,0.0,0.0,0.0,1.0
0.9997988812423008,0,0,0.0,0.0,0.0,1.0
0.9999118601072672,0,0,0.0,0.0,0.0,1.0
0.9989139286621173,0,0,0.0,0.0,0.0,1.0
0.9968061956169032,0,0,0.0,0.0,0.0,1.0
0.9935910026803949,0,0,0.0,0.0,0.0,1.0
0.9892719219584193,0,0,0.0,0.0,0.0,1.0
0.9838537519852227,0,0,0.0,0.0,0.0,1.0
0.9773425123922587,0,0,0.0,0.0,0.0,1.0
0.9697454372203329,0,0,0.0,0.0,0.0,1.0
0.9610709668825165,0,0,0.0,0.0,0.0,1.0
0.9513287387867827,0,0,0.0,0.0,0.0,1.0
